Type: usa cpi All items
Start Column: 0
Start Row: 0
1.600000	2.000000	1.500000	1.100000	1.400000	1.800000	2.000000	1.500000	1.200000	1.000000	1.200000	1.500000
1.600000	1.100000	1.500000	2.000000	2.100000	2.100000	2.000000	1.700000	1.700000	1.700000	1.300000	0.800000
-0.100000	0.000000	-0.100000	-0.200000	0.000000	0.100000	0.200000	0.200000	0.000000	0.200000	0.500000	0.700000
1.400000	1.000000	0.900000	1.100000	1.000000	1.000000	0.800000	1.100000	1.500000	1.600000	1.700000	2.100000
2.500000	2.700000	2.400000	2.200000	1.900000	1.600000	1.700000	1.900000	2.200000	2.000000	2.200000	2.100000
2.100000	2.200000	2.400000	2.500000	2.800000	2.900000	2.900000	2.700000	2.300000	2.500000	2.200000	1.900000
1.600000	1.500000	1.900000	2.000000	1.800000	1.600000	1.800000	1.700000	1.700000	1.800000	2.100000	2.300000
2.500000	2.300000	1.500000	0.300000	0.100000	0.600000	1.000000	1.300000	1.400000	1.200000	1.200000	1.400000
1.400000	1.700000	2.600000	4.200000	5.000000	5.400000	5.400000	5.300000	5.400000	6.200000	6.800000	7.000000
7.500000	7.900000	8.500000	8.300000	8.600000	9.100000	8.500000	8.300000	8.200000	7.700000	7.100000	6.500000
6.400000	6.000000	5.000000	4.900000	4.000000	3.000000	3.200000	3.700000	3.700000	3.200000	3.100000	3.400000
3.100000	3.200000	3.500000	3.400000	3.300000
Type: usa cpi Food
Start Column: 0
Start Row: 1
0.110000	0.140000	0.170000	0.190000	0.250000	0.230000	0.250000	0.270000	0.300000	0.310000	0.320000	0.340000
0.320000	0.300000	0.230000	0.200000	0.160000	0.180000	0.160000	0.160000	0.160000	0.160000	0.130000	0.080000
0.080000	0.090000	0.080000	0.090000	0.070000	0.030000	0.020000	0.000000	-0.030000	-0.040000	-0.040000	-0.020000
-0.020000	0.000000	0.050000	0.050000	0.090000	0.090000	0.110000	0.110000	0.120000	0.130000	0.140000	0.160000
0.170000	0.140000	0.130000	0.140000	0.120000	0.140000	0.140000	0.140000	0.140000	0.120000	0.140000	0.160000
0.160000	0.200000	0.210000	0.180000	0.200000	0.190000	0.180000	0.170000	0.180000	0.210000	0.200000	0.180000
0.180000	0.180000	0.190000	0.350000	0.400000	0.450000	0.410000	0.410000	0.390000	0.390000	0.370000	0.390000
0.380000	0.360000	0.350000	0.240000	0.220000	0.240000	0.340000	0.370000	0.460000	0.530000	0.610000	0.630000
0.700000	0.790000	0.880000	0.940000	1.010000	1.040000	1.090000	1.140000	1.120000	1.090000	1.060000	1.040000
1.010000	0.950000	0.850000	0.770000	0.670000	0.570000	0.490000	0.430000	0.370000	0.330000	0.290000	0.270000
0.260000	0.220000	0.220000	0.220000	0.210000	0.220000
#
Type: usa cpi Food at home
Start Column: 2
Start Row: 0
0.100000	0.100000	0.080000	0.090000	0.100000	0.100000	0.100000	0.080000	0.060000	0.040000
0.050000	0.090000	0.140000	0.170000	0.270000	0.240000	0.270000	0.290000	0.320000	0.330000	0.340000	0.370000
0.330000	0.290000	0.190000	0.130000	0.060000	0.100000	0.090000	0.080000	0.080000	0.070000	0.030000	-0.040000
-0.050000	-0.030000	-0.050000	-0.030000	-0.070000	-0.130000	-0.160000	-0.190000	-0.220000	-0.230000	-0.220000	-0.200000
-0.190000	-0.170000	-0.090000	-0.080000	-0.020000	-0.010000	0.030000	0.030000	0.040000	0.060000	0.060000	0.090000
0.100000	0.050000	0.040000	0.050000	0.010000	0.040000	0.040000	0.050000	0.040000	0.010000	0.040000	0.060000
0.060000	0.120000	0.140000	0.070000	0.120000	0.090000	0.060000	0.050000	0.060000	0.100000	0.100000	0.070000
0.070000	0.080000	0.110000	0.410000	0.480000	0.560000	0.460000	0.460000	0.410000	0.400000	0.360000	0.390000
0.370000	0.350000	0.330000	0.120000	0.070000	0.090000	0.260000	0.300000	0.450000	0.540000	0.640000	0.650000
0.740000	0.860000	1.000000	1.080000	1.190000	1.220000	1.310000	1.350000	1.300000	1.240000	1.200000	1.180000
1.130000	1.020000	0.840000	0.710000	0.580000	0.470000	0.360000	0.300000	0.240000	0.210000	0.170000	0.130000
0.120000	0.100000	0.120000	0.110000	0.100000	0.110000
#
Type: usa cpi Food away from home
Start Column: 0
Start Row: 0
2.300000	2.300000	2.300000	2.300000	2.300000	2.200000	2.100000	2.000000	1.900000	1.900000	2.100000	2.100000
2.000000	2.200000	2.300000	2.200000	2.200000	2.200000	2.400000	2.500000	2.700000	2.800000	2.900000	3.000000
3.100000	3.100000	2.900000	2.900000	3.000000	3.000000	2.700000	2.700000	2.900000	2.900000	2.700000	2.600000
2.700000	2.600000	2.700000	2.700000	2.600000	2.600000	2.800000	2.800000	2.400000	2.400000	2.300000	2.300000
2.400000	2.400000	2.400000	2.300000	2.300000	2.200000	2.100000	2.200000	2.400000	2.300000	2.400000	2.500000
2.500000	2.600000	2.500000	2.500000	2.700000	2.800000	2.800000	2.600000	2.600000	2.500000	2.600000	2.800000
2.800000	2.900000	3.000000	3.100000	2.900000	3.100000	3.200000	3.200000	3.200000	3.300000	3.200000	3.100000
3.100000	3.000000	3.000000	2.800000	2.900000	3.100000	3.400000	3.500000	3.800000	3.900000	3.800000	3.900000
3.900000	3.700000	3.700000	3.800000	4.000000	4.200000	4.600000	4.700000	4.700000	5.300000	5.800000	6.000000
6.400000	6.800000	6.900000	7.200000	7.400000	7.700000	7.600000	8.000000	8.500000	8.600000	8.500000	8.300000
8.200000	8.400000	8.800000	8.600000	8.300000	7.700000	7.100000	6.500000	6.000000	5.400000	5.300000	5.200000
5.100000	4.500000	4.200000	4.100000	4.000000	4.100000
#
Type: usa cpi Energy
Start Column: 1
Start Row: 2
-1.880000	-1.830000	-1.940000	-1.630000	-1.500000	-1.480000	-1.500000	-1.840000	-1.710000	-1.470000	-1.260000
-0.650000	-1.250000	-1.260000	-0.890000	-1.010000	-0.940000	-1.090000	-0.920000	-0.290000	0.010000	0.110000	0.540000
1.080000	1.520000	1.090000	0.930000	0.540000	0.230000	0.340000	0.640000	1.010000	0.640000	0.940000	0.690000
0.550000	0.770000	0.700000	0.790000	1.170000	1.200000	1.210000	1.020000	0.480000	0.890000	0.310000	-0.030000
-0.480000	-0.500000	-0.040000	0.170000	-0.050000	-0.340000	-0.200000	-0.440000	-0.480000	-0.420000	-0.060000	0.340000
0.620000	0.280000	-0.570000	-1.770000	-1.890000	-1.260000	-1.120000	-0.900000	-0.770000	-0.920000	-0.940000	-0.700000
-0.360000	0.240000	1.320000	2.510000	2.850000	2.450000	2.380000	2.500000	2.480000	3.000000	3.330000	2.930000
2.700000	2.560000	3.200000	3.030000	3.460000	4.160000	3.290000	2.380000	1.980000	1.760000	1.310000	0.730000
0.870000	0.520000	-0.640000	-0.510000	-1.170000	-1.670000	-1.250000	-0.360000	-0.050000	-0.450000	-0.540000	-0.200000
-0.460000	-0.190000	0.210000	0.260000	0.370000	0.100000
#
Type: usa cpi Gasoline (all types)
Start Column: 0
Start Row: 0
-0.150000	0.330000	-0.310000	-0.830000	-0.410000	0.280000	0.520000	-0.240000	-0.750000	-1.010000	-0.580000	-0.100000
0.010000	-0.810000	-0.470000	0.240000	0.230000	0.200000	0.080000	-0.280000	-0.360000	-0.500000	-1.050000	-2.100000
-3.540000	-3.280000	-2.920000	-3.170000	-2.500000	-2.330000	-2.230000	-2.330000	-2.960000	-2.780000	-2.410000	-1.970000
-0.730000	-2.070000	-2.090000	-1.380000	-1.690000	-1.540000	-1.990000	-1.780000	-0.650000	-0.090000	0.100000	0.910000
2.030000	3.070000	1.990000	1.430000	0.580000	-0.040000	0.300000	1.040000	1.930000	1.080000	1.650000	1.070000
0.850000	1.260000	1.110000	1.340000	2.180000	2.430000	2.540000	2.030000	0.910000	1.610000	0.500000	-0.210000
-1.010000	-0.910000	-0.070000	0.310000	-0.020000	-0.540000	-0.330000	-0.710000	-0.820000	-0.730000	-0.120000	0.790000
1.280000	0.560000	-1.020000	-3.200000	-3.380000	-2.340000	-2.030000	-1.680000	-1.540000	-1.800000	-1.930000	-1.520000
-0.860000	0.150000	2.250000	4.960000	5.620000	4.510000	4.180000	4.270000	4.210000	4.960000	5.810000	4.960000
4.000000	3.800000	4.800000	4.360000	4.870000	5.990000	4.400000	2.560000	1.820000	1.750000	1.010000	-0.150000
0.150000	-0.200000	-1.740000	-1.220000	-1.970000	-2.650000	-1.990000	-0.330000	0.300000	-0.530000	-0.890000	-0.190000
-0.640000	-0.390000	0.130000	0.120000	0.220000	-0.250000
#
Type: usa cpi Electricity
Start Column: 0
Start Row: 0
0.050000	0.080000	0.090000	0.110000	0.170000	0.190000	0.310000	0.280000	0.320000	0.300000	0.290000	0.320000
0.440000	0.380000	0.530000	0.210000	0.360000	0.420000	0.400000	0.410000	0.280000	0.310000	0.280000	0.310000
0.250000	0.320000	0.090000	0.380000	0.050000	0.000000	-0.070000	-0.060000	-0.040000	-0.050000	-0.020000	-0.120000
-0.240000	-0.300000	-0.170000	-0.210000	-0.130000	-0.180000	-0.100000	-0.070000	0.010000	0.040000	0.020000	0.070000
0.100000	0.190000	0.160000	0.240000	0.270000	0.250000	0.260000	0.230000	0.170000	0.200000	0.250000	0.260000
0.240000	0.220000	0.220000	0.120000	0.100000	-0.010000	-0.080000	-0.050000	-0.120000	0.070000	0.060000	0.110000
0.040000	0.000000	0.030000	0.060000	-0.020000	-0.030000	0.050000	-0.010000	0.070000	0.040000	0.050000	-0.040000
0.050000	0.060000	0.020000	0.020000	-0.020000	0.010000	-0.010000	-0.010000	0.070000	0.130000	0.160000	0.220000
0.150000	0.230000	0.250000	0.360000	0.420000	0.380000	0.400000	0.520000	0.520000	0.650000	0.650000	0.630000
1.070000	0.900000	1.110000	1.100000	1.200000	1.370000	1.520000	1.580000	1.550000	1.410000	1.370000	1.430000
1.190000	1.290000	1.020000	0.840000	0.590000	0.540000	0.300000	0.210000	0.260000	0.240000	0.340000	0.330000
0.380000	0.360000	0.500000	0.510000	0.590000	0.440000
#
Type: usa cpi Natural gas (piped)
Start Column: 0
Start Row: 0
-0.250000	0.130000	0.180000	0.760000	1.420000	1.170000	0.880000	0.480000	0.530000	0.440000	0.100000	-0.010000
0.490000	0.830000	1.640000	1.180000	0.730000	0.510000	0.690000	0.580000	0.580000	0.340000	0.320000	0.580000
-0.040000	-0.650000	-1.440000	-1.630000	-1.540000	-1.300000	-1.420000	-1.150000	-1.210000	-1.100000	-1.170000	-1.490000
-1.270000	-1.030000	-0.920000	-0.650000	-0.470000	-0.500000	-0.040000	0.110000	0.290000	0.480000	0.620000	0.780000
1.010000	1.090000	1.030000	1.200000	1.280000	1.280000	0.750000	0.540000	0.380000	0.320000	0.360000	0.470000
0.020000	0.380000	0.340000	0.100000	-0.080000	-0.210000	-0.130000	0.010000	-0.120000	-0.210000	-0.210000	0.230000
0.430000	-0.260000	-0.140000	-0.190000	-0.260000	-0.210000	-0.290000	-0.350000	-0.270000	0.020000	0.110000	-0.350000
-0.320000	-0.200000	-0.290000	-0.190000	-0.030000	-0.020000	-0.030000	-0.050000	0.380000	0.180000	0.440000	0.410000
0.430000	0.670000	0.980000	1.210000	1.350000	1.560000	1.900000	2.110000	2.060000	2.810000	2.510000	2.410000
2.390000	2.380000	2.160000	2.270000	3.020000	3.840000	3.050000	3.300000	3.310000	2.000000	1.550000	1.930000
2.670000	1.430000	0.550000	-0.210000	-1.100000	-1.860000	-1.370000	-1.650000	-1.990000	-1.580000	-1.040000	-1.380000
-1.780000	-0.880000	-0.320000	-0.190000	0.020000	0.370000
#
Type: usa cpi All items less food and energy
Start Column: 0
Start Row: 0
1.900000	2.000000	1.900000	1.700000	1.700000	1.600000	1.700000	1.800000	1.700000	1.700000	1.700000	1.700000
1.600000	1.600000	1.700000	1.800000	2.000000	1.900000	1.900000	1.700000	1.700000	1.800000	1.700000	1.600000
1.600000	1.700000	1.800000	1.800000	1.700000	1.800000	1.800000	1.800000	1.900000	1.900000	2.000000	2.100000
2.200000	2.300000	2.200000	2.100000	2.200000	2.200000	2.200000	2.300000	2.200000	2.100000	2.100000	2.200000
2.300000	2.200000	2.000000	1.900000	1.700000	1.700000	1.700000	1.700000	1.700000	1.800000	1.700000	1.800000
1.800000	1.800000	2.100000	2.100000	2.200000	2.300000	2.400000	2.200000	2.200000	2.100000	2.200000	2.200000
2.200000	2.100000	2.000000	2.100000	2.000000	2.100000	2.200000	2.400000	2.400000	2.300000	2.300000	2.300000
2.300000	2.400000	2.100000	1.400000	1.200000	1.200000	1.600000	1.700000	1.700000	1.600000	1.600000	1.600000
1.400000	1.300000	1.600000	3.000000	3.800000	4.500000	4.300000	4.000000	4.000000	4.600000	4.900000	5.500000
6.000000	6.400000	6.500000	6.200000	6.000000	5.900000	5.900000	6.300000	6.600000	6.300000	6.000000	5.700000
5.600000	5.500000	5.600000	5.500000	5.300000	4.800000	4.700000	4.300000	4.100000	4.000000	4.000000	3.900000
3.900000	3.800000	3.800000	3.600000	3.400000	3.300000
#
Type: usa cpi Commodities less food and energy commodities
Start Column: 0
Start Row: 0
0.040000	0.030000	0.000000	-0.010000	-0.020000	-0.020000	-0.020000	0.000000	-0.010000	-0.010000	-0.020000	-0.010000
-0.030000	-0.040000	-0.030000	-0.030000	-0.020000	-0.020000	-0.030000	-0.040000	-0.030000	-0.020000	-0.050000	-0.080000
-0.080000	-0.050000	-0.020000	-0.020000	-0.030000	-0.040000	-0.050000	-0.050000	-0.050000	-0.070000	-0.060000	-0.040000
-0.010000	0.010000	-0.040000	-0.050000	-0.050000	-0.060000	-0.060000	-0.050000	-0.060000	-0.050000	-0.070000	-0.060000
-0.020000	-0.050000	-0.060000	-0.060000	-0.080000	-0.060000	-0.060000	-0.090000	-0.100000	-0.100000	-0.090000	-0.070000
-0.070000	-0.050000	-0.030000	-0.040000	-0.030000	-0.020000	0.000000	-0.020000	-0.030000	-0.010000	0.020000	0.010000
0.030000	0.010000	0.000000	-0.020000	-0.020000	0.020000	0.040000	0.080000	0.070000	0.030000	0.010000	0.010000
-0.030000	0.000000	-0.020000	-0.090000	-0.100000	-0.110000	-0.050000	0.040000	0.100000	0.120000	0.140000	0.170000
0.170000	0.130000	0.170000	0.440000	0.650000	0.870000	0.850000	0.770000	0.730000	0.840000	0.940000	1.070000
1.170000	1.230000	1.170000	0.970000	0.850000	0.720000	0.700000	0.710000	0.660000	0.510000	0.370000	0.210000
0.140000	0.100000	0.150000	0.200000	0.200000	0.130000	0.080000	0.020000	0.000000	0.010000	0.000000	0.020000
-0.030000	-0.030000	-0.070000	-0.130000	-0.170000	-0.180000
#
Type: usa cpi Apparel
Start Column: 0
Start Row: 0
2.100000	2.400000	0.800000	0.300000	0.200000	0.800000	1.600000	1.800000	0.800000	-0.200000	-0.100000	0.600000
-0.300000	-0.600000	0.500000	0.600000	0.800000	0.900000	0.300000	0.000000	0.500000	0.700000	-0.300000	-2.000000
-1.400000	-0.800000	-0.500000	-0.800000	-1.500000	-1.800000	-1.600000	-0.900000	-1.400000	-1.900000	-1.500000	-0.900000
-0.500000	0.900000	-0.600000	-0.600000	0.500000	0.400000	0.300000	0.300000	-0.100000	0.700000	0.300000	-0.100000
1.000000	0.400000	0.600000	0.500000	-0.900000	-0.700000	-0.400000	-0.600000	-0.200000	-0.600000	-1.600000	-1.600000
-0.700000	0.400000	0.300000	0.800000	1.400000	0.600000	0.300000	-1.400000	-0.600000	-0.400000	-0.400000	-0.100000
0.100000	-0.800000	-2.200000	-3.000000	-3.100000	-1.300000	-0.500000	1.000000	-0.300000	-2.300000	-1.600000	-1.200000
-1.300000	-0.900000	-1.600000	-5.700000	-7.900000	-7.300000	-6.500000	-5.900000	-6.000000	-5.500000	-5.200000	-3.900000
-2.500000	-3.600000	-2.500000	1.900000	5.600000	4.900000	4.200000	4.200000	3.400000	4.300000	5.000000	5.800000
5.300000	6.600000	6.800000	5.400000	5.000000	5.200000	5.100000	5.100000	5.500000	4.100000	3.600000	2.900000
3.100000	3.300000	3.300000	3.600000	3.500000	3.100000	3.200000	3.100000	2.300000	2.600000	1.100000	1.000000
0.100000	0.000000	0.400000	1.300000	0.800000	0.800000
#
Type: usa cpi New vehicles
Start Column: 0
Start Row: 0
0.170000	0.110000	0.110000	0.120000	0.110000	0.120000	0.120000	0.110000	0.120000	0.100000	0.060000	0.040000
0.000000	0.030000	0.020000	0.040000	0.050000	0.000000	0.020000	0.040000	0.030000	0.060000	0.060000	0.050000
0.050000	0.060000	0.080000	0.080000	0.080000	0.120000	0.070000	0.060000	0.050000	0.010000	0.020000	0.020000
0.060000	0.060000	0.040000	0.000000	-0.020000	-0.040000	0.000000	0.000000	0.000000	0.030000	0.020000	0.030000
0.090000	0.050000	0.020000	0.040000	0.030000	0.000000	-0.060000	-0.070000	-0.100000	-0.140000	-0.110000	-0.050000
-0.120000	-0.150000	-0.120000	-0.160000	-0.110000	-0.050000	0.020000	0.030000	0.050000	0.050000	0.030000	-0.030000
0.000000	0.030000	0.070000	0.120000	0.090000	0.060000	0.030000	0.020000	0.010000	0.010000	-0.010000	0.010000
0.010000	0.040000	-0.040000	-0.060000	-0.030000	-0.020000	0.050000	0.070000	0.100000	0.150000	0.160000	0.200000
0.140000	0.120000	0.150000	0.200000	0.330000	0.530000	0.640000	0.760000	0.870000	0.980000	1.110000	1.180000
1.220000	1.240000	1.250000	1.320000	1.260000	1.140000	1.040000	1.010000	0.940000	0.840000	0.720000	0.590000
0.580000	0.580000	0.610000	0.540000	0.470000	0.410000	0.350000	0.290000	0.250000	0.190000	0.130000	0.100000
0.070000	0.040000	-0.010000	-0.040000	-0.080000	-0.090000
#
Type: usa cpi Medical care commodities
Start Column: 0
Start Row: 0
1.500000	0.800000	0.600000	0.700000	0.000000	0.100000	-0.100000	0.000000	0.200000	0.500000	0.800000	0.300000
0.800000	1.700000	1.300000	1.600000	2.500000	2.800000	3.000000	2.600000	2.900000	2.600000	3.100000	4.800000
3.900000	3.900000	4.200000	4.100000	3.900000	3.300000	3.100000	3.400000	2.700000	2.800000	2.500000	1.500000
2.100000	2.200000	2.400000	2.700000	2.000000	2.800000	3.300000	4.400000	5.200000	5.000000	4.300000	4.700000
4.700000	4.100000	3.900000	2.600000	3.300000	3.200000	3.700000	2.400000	1.000000	0.900000	1.800000	2.300000
1.800000	1.600000	1.400000	1.900000	2.700000	2.400000	0.400000	0.300000	0.700000	0.700000	0.600000	-0.500000
-0.300000	-1.100000	-0.600000	0.200000	-0.700000	-1.500000	-0.400000	0.100000	-0.300000	1.000000	0.600000	2.500000
1.700000	1.800000	1.300000	0.700000	0.800000	1.300000	1.100000	0.800000	0.900000	-0.800000	-1.100000	-2.500000
-2.300000	-2.500000	-2.400000	-1.700000	-1.900000	-2.200000	-2.100000	-2.500000	-1.600000	-0.400000	0.200000	0.400000
1.400000	2.500000	2.700000	2.100000	2.400000	3.200000	3.700000	4.100000	3.700000	3.100000	3.100000	3.200000
3.400000	3.200000	3.600000	4.000000	4.400000	4.200000	4.100000	4.500000	4.200000	4.700000	5.000000	4.700000
3.000000	2.900000	2.500000	2.500000	3.100000	3.100000
#
Type: usa cpi Services less energy services
Start Column: 0
Start Row: 0
2.500000	2.600000	2.500000	2.300000	2.300000	2.300000	2.400000	2.400000	2.400000	2.300000	2.400000	2.300000
2.300000	2.200000	2.300000	2.600000	2.700000	2.700000	2.600000	2.500000	2.400000	2.500000	2.500000	2.400000
2.500000	2.500000	2.400000	2.500000	2.400000	2.500000	2.600000	2.600000	2.700000	2.800000	2.900000	2.900000
3.000000	3.100000	3.000000	3.000000	3.200000	3.200000	3.100000	3.200000	3.200000	3.000000	3.000000	3.100000
3.100000	3.100000	2.900000	2.700000	2.600000	2.500000	2.400000	2.500000	2.600000	2.700000	2.500000	2.600000
2.600000	2.600000	2.900000	2.900000	3.000000	3.100000	3.100000	3.000000	3.000000	2.900000	2.900000	2.900000
2.800000	2.700000	2.700000	2.800000	2.700000	2.800000	2.800000	2.900000	2.900000	3.000000	3.000000	3.000000
3.100000	3.100000	2.800000	2.200000	2.000000	1.900000	2.300000	2.200000	1.900000	1.700000	1.700000	1.600000
1.300000	1.300000	1.600000	2.500000	2.900000	3.100000	2.900000	2.700000	2.900000	3.200000	3.400000	3.700000
4.100000	4.400000	4.700000	4.900000	5.200000	5.500000	5.500000	6.100000	6.700000	6.700000	6.800000	7.000000
7.200000	7.300000	7.100000	6.800000	6.600000	6.200000	6.100000	5.900000	5.700000	5.500000	5.500000	5.300000
5.400000	5.200000	5.400000	5.300000	5.300000	5.100000
#
Type: usa cpi Shelter
Start Column: 0
Start Row: 0
2.200000	2.300000	2.200000	2.200000	2.300000	2.300000	2.300000	2.400000	2.400000	2.300000	2.400000	2.500000
2.600000	2.600000	2.700000	2.800000	2.900000	2.800000	2.900000	2.900000	3.000000	3.000000	3.000000	2.900000
2.900000	3.000000	3.000000	3.000000	2.900000	3.000000	3.100000	3.100000	3.200000	3.200000	3.200000	3.200000
3.200000	3.300000	3.200000	3.200000	3.400000	3.500000	3.300000	3.400000	3.400000	3.500000	3.600000	3.600000
3.500000	3.500000	3.500000	3.500000	3.300000	3.300000	3.200000	3.300000	3.200000	3.200000	3.200000	3.200000
3.200000	3.100000	3.300000	3.400000	3.500000	3.400000	3.500000	3.400000	3.300000	3.200000	3.200000	3.200000
3.200000	3.400000	3.400000	3.400000	3.300000	3.500000	3.500000	3.400000	3.500000	3.300000	3.300000	3.200000
3.300000	3.300000	3.000000	2.600000	2.500000	2.400000	2.300000	2.300000	2.000000	2.000000	1.900000	1.800000
1.600000	1.500000	1.700000	2.100000	2.200000	2.600000	2.800000	2.800000	3.200000	3.500000	3.800000	4.100000
4.400000	4.700000	5.000000	5.100000	5.500000	5.600000	5.700000	6.200000	6.600000	6.900000	7.100000	7.500000
7.900000	8.100000	8.200000	8.100000	8.000000	7.800000	7.700000	7.300000	7.200000	6.700000	6.500000	6.200000
6.000000	5.700000	5.700000	5.500000	5.400000	5.200000
#
Type: usa cpi Medical care services
Start Column: 0
Start Row: 0
3.600000	3.900000	3.900000	3.400000	2.900000	2.800000	2.600000	3.100000	3.100000	2.900000	2.600000	2.500000
2.500000	2.400000	2.400000	2.700000	3.000000	2.600000	2.500000	1.900000	1.700000	1.900000	2.300000	2.400000
2.300000	1.800000	1.900000	2.600000	2.500000	2.300000	2.300000	2.200000	2.400000	3.000000	3.100000	2.900000
3.300000	3.900000	3.600000	3.100000	3.500000	3.800000	4.100000	5.100000	4.800000	4.100000	3.900000	3.900000
3.600000	3.400000	3.400000	3.100000	2.500000	2.500000	2.300000	1.600000	1.700000	1.900000	1.600000	1.600000
2.000000	1.800000	2.100000	2.200000	2.300000	2.500000	2.300000	1.900000	2.000000	1.900000	2.400000	2.600000
2.400000	2.400000	2.300000	2.300000	2.800000	2.800000	3.300000	4.300000	4.400000	5.100000	5.100000	5.100000
5.100000	5.300000	5.500000	5.800000	5.900000	6.000000	5.900000	5.300000	4.900000	3.700000	3.200000	2.800000
2.900000	3.000000	2.700000	2.200000	1.500000	1.000000	0.800000	1.000000	0.900000	1.700000	2.100000	2.500000
2.700000	2.400000	2.900000	3.500000	4.000000	4.800000	5.100000	5.600000	6.500000	5.400000	4.400000	4.100000
3.000000	2.100000	1.000000	0.400000	-0.100000	-0.800000	-1.500000	-2.100000	-2.600000	-2.000000	-0.900000	-0.500000
0.600000	1.100000	2.100000	2.700000	3.100000	3.300000
#
Type: usa cpi Education and communication
Start Column: 0
Start Row: 0
1.600000	1.700000	1.800000	1.500000	1.300000	1.200000	1.300000	1.600000	1.500000	1.600000	1.600000	1.600000
1.300000	1.100000	1.100000	1.500000	1.500000	1.600000	1.600000	1.500000	1.300000	0.800000	0.600000	0.400000
0.400000	0.400000	0.300000	0.300000	0.100000	0.100000	0.100000	0.100000	0.400000	1.000000	1.300000	1.400000
1.400000	1.200000	1.200000	1.200000	1.100000	1.100000	0.900000	0.700000	0.100000	-0.300000	-0.300000	-0.200000
-0.300000	-0.300000	-2.200000	-2.500000	-2.500000	-2.400000	-2.500000	-2.600000	-2.100000	-1.800000	-1.700000	-1.700000
-1.700000	-1.800000	-0.200000	0.100000	0.500000	0.800000	1.000000	1.200000	1.200000	0.900000	0.200000	0.200000
0.300000	0.600000	0.800000	0.900000	0.700000	0.600000	0.600000	0.600000	0.400000	0.500000	1.400000	1.400000
1.500000	1.500000	1.500000	1.600000	1.600000	1.400000	2.300000	2.300000	2.100000	2.100000	1.900000	2.000000
1.700000	1.700000	1.500000	1.700000	1.900000	2.100000	1.100000	1.200000	1.700000	1.800000	1.700000	1.600000
1.600000	1.600000	1.500000	1.000000	0.800000	0.800000	0.500000	0.500000	0.200000	0.000000	0.700000	0.700000
1.000000	1.000000	1.400000	1.600000	1.500000	1.100000	1.200000	1.000000	1.000000	0.900000	-0.100000	-0.100000
0.000000	0.400000	0.200000	0.400000	0.500000	0.700000
